Index       I(VD)      
0        0.00000000e+00
1       -1.29402391e-14
2       -2.67449788e-14
3       -4.16684030e-14
4       -5.80394316e-14
5       -7.62836949e-14
6       -9.69519688e-14
7       -1.20756970e-13
8       -1.48620972e-13
9       -1.81737418e-13
10      -2.21650652e-13
11      -2.70359091e-13
12      -3.30448738e-13
13      -4.05265938e-13
14      -4.99140944e-13
15      -6.17677208e-13
16      -7.68125729e-13
17      -9.59869474e-13
18      -1.20505022e-12
19      -1.51937974e-12
20      -1.92318941e-12
21      -2.44278854e-12
22      -3.11222200e-12
23      -3.97554466e-12
24      -5.08976459e-12
25      -6.52865158e-12
26      -8.38766551e-12
27      -1.07903338e-11
28      -1.38965037e-11
29      -1.79130216e-11
30      -2.31075515e-11
31      -2.98264573e-11
32      -3.85179417e-11
33      -4.97619902e-11
34      -6.43091175e-11
35      -8.31305079e-11
36      -1.07482897e-10
37      -1.38992530e-10
38      -1.79763809e-10
39      -2.32519878e-10
40      -3.00784553e-10
41      -3.89117734e-10
42      -5.03420043e-10
43      -6.51327023e-10
44      -8.42719252e-10
45      -1.09038243e-09
46      -1.41086157e-09
47      -1.82556629e-09
48      -2.36220118e-09
49      -3.05661662e-09
50      -3.95520387e-09
51      -5.11799431e-09
52      -6.62267000e-09
53      -8.56975338e-09
54      -1.10893229e-08
55      -1.43497031e-08
56      -1.85687102e-08
57      -2.40282033e-08
58      -3.10929150e-08
59      -4.02348178e-08
60      -5.20646558e-08
61      -6.73727460e-08
62      -8.71817779e-08
63      -1.12815136e-07
64      -1.45985311e-07
65      -1.88908308e-07
66      -2.44451689e-07
67      -3.16326150e-07
68      -4.09333418e-07
69      -5.29687043e-07
70      -6.85427509e-07
71      -8.86959393e-07
72      -1.14774647e-06
73      -1.48521117e-06
74      -1.92189857e-06
75      -2.48698250e-06
76      -3.21821461e-06
77      -4.16444645e-06
78      -5.38889307e-06
79      -6.97335627e-06
80      -9.02368953e-06
81      -1.16768698e-05
82      -1.51101485e-05
83      -1.95528932e-05
84      -2.53019111e-05
85      -3.27412778e-05
86      -4.23679961e-05
87      -5.48251998e-05
88      -7.09451192e-05
89      -9.18046804e-05
90      -1.18797451e-04
End of Xyce(TM) Simulation
