Index       TIME             V(OUT)      
0        0.00000000e+00    0.00000000e+00
1        5.00000000e-06    0.00000000e+00
2        1.50000000e-05    0.00000000e+00
3        3.50000000e-05    0.00000000e+00
4        5.50000000e-05    0.00000000e+00
5        7.50000000e-05    0.00000000e+00
6        9.50000000e-05    0.00000000e+00
7        1.15000000e-04    0.00000000e+00
8        1.35000000e-04    0.00000000e+00
9        1.55000000e-04    0.00000000e+00
10       1.75000000e-04    0.00000000e+00
11       1.95000000e-04    0.00000000e+00
12       2.15000000e-04    0.00000000e+00
13       2.35000000e-04    0.00000000e+00
14       2.55000000e-04    0.00000000e+00
15       2.75000000e-04    0.00000000e+00
16       2.95000000e-04    0.00000000e+00
17       3.15000000e-04    0.00000000e+00
18       3.35000000e-04    0.00000000e+00
19       3.55000000e-04    0.00000000e+00
20       3.75000000e-04    0.00000000e+00
21       3.95000000e-04    0.00000000e+00
22       4.15000000e-04    0.00000000e+00
23       4.35000000e-04    0.00000000e+00
24       4.55000000e-04    0.00000000e+00
25       4.75000000e-04    0.00000000e+00
26       4.95000000e-04    0.00000000e+00
27       5.15000000e-04    0.00000000e+00
28       5.35000000e-04    0.00000000e+00
29       5.55000000e-04    0.00000000e+00
30       5.75000000e-04    0.00000000e+00
31       5.95000000e-04    0.00000000e+00
32       6.15000000e-04    0.00000000e+00
33       6.35000000e-04    0.00000000e+00
34       6.55000000e-04    0.00000000e+00
35       6.75000000e-04    0.00000000e+00
36       6.95000000e-04    0.00000000e+00
37       7.15000000e-04    0.00000000e+00
38       7.35000000e-04    0.00000000e+00
39       7.55000000e-04    0.00000000e+00
40       7.75000000e-04    0.00000000e+00
41       7.95000000e-04    0.00000000e+00
42       8.15000000e-04    0.00000000e+00
43       8.35000000e-04    0.00000000e+00
44       8.55000000e-04    0.00000000e+00
45       8.75000000e-04    0.00000000e+00
46       8.95000000e-04    0.00000000e+00
47       9.15000000e-04    0.00000000e+00
48       9.35000000e-04    0.00000000e+00
49       9.55000000e-04    0.00000000e+00
50       9.75000000e-04    0.00000000e+00
51       9.95000000e-04    0.00000000e+00
52       1.00000000e-03    0.00000000e+00
53       1.00000039e-03    1.52587831e-10
54       1.00000069e-03    3.54690653e-10
55       1.00000128e-03    9.32757891e-10
56       1.00000245e-03    3.13206131e-09
57       1.00000481e-03    1.17033378e-08
58       1.00000953e-03    4.55365200e-08
59       1.00001897e-03    1.79965008e-07
60       1.00003784e-03    7.15867329e-07
61       1.00007557e-03    2.85582815e-06
62       1.00015105e-03    1.14081730e-05
63       1.00030201e-03    4.56009431e-05
64       1.00060393e-03    1.82325909e-04
65       1.00100000e-03    4.99825704e-04
66       1.00106038e-03    5.60175199e-04
67       1.00118115e-03    6.80859616e-04
68       1.00142268e-03    9.22199304e-04
69       1.00190575e-03    1.40470385e-03
70       1.00287188e-03    2.36901403e-03
71       1.00480415e-03    4.29484213e-03
72       1.00866868e-03    8.13535622e-03
73       1.01639775e-03    1.57720304e-02
74       1.03185588e-03    3.08696639e-02
75       1.05185588e-03    5.00603636e-02
76       1.07185588e-03    6.88710495e-02
77       1.09185588e-03    8.73092466e-02
78       1.11185588e-03    1.05382331e-01
79       1.13185588e-03    1.23097532e-01
80       1.15185588e-03    1.40461937e-01
81       1.17185588e-03    1.57482493e-01
82       1.19185588e-03    1.74166008e-01
83       1.21185588e-03    1.90519156e-01
84       1.23185588e-03    2.06548480e-01
85       1.25185588e-03    2.22260391e-01
86       1.27185588e-03    2.37661176e-01
87       1.29185588e-03    2.52756994e-01
88       1.31185588e-03    2.67553885e-01
89       1.33185588e-03    2.82057769e-01
90       1.35185588e-03    2.96274447e-01
91       1.37185588e-03    3.10209606e-01
92       1.39185588e-03    3.23868822e-01
93       1.41185588e-03    3.37257558e-01
94       1.43185588e-03    3.50381171e-01
95       1.45185588e-03    3.63244910e-01
96       1.47185588e-03    3.75853922e-01
97       1.49185588e-03    3.88213250e-01
98       1.51185588e-03    4.00327839e-01
99       1.53185588e-03    4.12202535e-01
100      1.55185588e-03    4.23842089e-01
101      1.57185588e-03    4.35251157e-01
102      1.59185588e-03    4.46434302e-01
103      1.61185588e-03    4.57395999e-01
104      1.63185588e-03    4.68140633e-01
105      1.65185588e-03    4.78672501e-01
106      1.67185588e-03    4.88995818e-01
107      1.69185588e-03    4.99114713e-01
108      1.71185588e-03    5.09033233e-01
109      1.73185588e-03    5.18755347e-01
110      1.75185588e-03    5.28284945e-01
111      1.77185588e-03    5.37625837e-01
112      1.79185588e-03    5.46781761e-01
113      1.81185588e-03    5.55756379e-01
114      1.83185588e-03    5.64553283e-01
115      1.85185588e-03    5.73175990e-01
116      1.87185588e-03    5.81627951e-01
117      1.89185588e-03    5.89912546e-01
118      1.91185588e-03    5.98033089e-01
119      1.93185588e-03    6.05992830e-01
120      1.95185588e-03    6.13794952e-01
121      1.97185588e-03    6.21442577e-01
122      1.99185588e-03    6.28938764e-01
123      2.01185588e-03    6.36286511e-01
124      2.03185588e-03    6.43488758e-01
125      2.05185588e-03    6.50548387e-01
126      2.07185588e-03    6.57468221e-01
127      2.09185588e-03    6.64251028e-01
128      2.11185588e-03    6.70899523e-01
129      2.13185588e-03    6.77416364e-01
130      2.15185588e-03    6.83804159e-01
131      2.17185588e-03    6.90065462e-01
132      2.19185588e-03    6.96202780e-01
133      2.21185588e-03    7.02218566e-01
134      2.23185588e-03    7.08115229e-01
135      2.25185588e-03    7.13895125e-01
136      2.27185588e-03    7.19560568e-01
137      2.29185588e-03    7.25113824e-01
138      2.31185588e-03    7.30557115e-01
139      2.33185588e-03    7.35892617e-01
140      2.35185588e-03    7.41122467e-01
141      2.37185588e-03    7.46248754e-01
142      2.39185588e-03    7.51273532e-01
143      2.41185588e-03    7.56198808e-01
144      2.43185588e-03    7.61026554e-01
145      2.45185588e-03    7.65758702e-01
146      2.47185588e-03    7.70397143e-01
147      2.49185588e-03    7.74943735e-01
148      2.51185588e-03    7.79400294e-01
149      2.53185588e-03    7.83768605e-01
150      2.55185588e-03    7.88050415e-01
151      2.57185588e-03    7.92247437e-01
152      2.59185588e-03    7.96361349e-01
153      2.61185588e-03    8.00393797e-01
154      2.63185588e-03    8.04346395e-01
155      2.65185588e-03    8.08220724e-01
156      2.67185588e-03    8.12018334e-01
157      2.69185588e-03    8.15740743e-01
158      2.71185588e-03    8.19389441e-01
159      2.73185588e-03    8.22965888e-01
160      2.75185588e-03    8.26471514e-01
161      2.77185588e-03    8.29907721e-01
162      2.79185588e-03    8.33275885e-01
163      2.81185588e-03    8.36577353e-01
164      2.83185588e-03    8.39813445e-01
165      2.85185588e-03    8.42985456e-01
166      2.87185588e-03    8.46094655e-01
167      2.89185588e-03    8.49142285e-01
168      2.91185588e-03    8.52129567e-01
169      2.93185588e-03    8.55057694e-01
170      2.95185588e-03    8.57927839e-01
171      2.97185588e-03    8.60741149e-01
172      2.99185588e-03    8.63498750e-01
173      3.01185588e-03    8.66201745e-01
174      3.03185588e-03    8.68851216e-01
175      3.05185588e-03    8.71448221e-01
176      3.07185588e-03    8.73993801e-01
177      3.09185588e-03    8.76488973e-01
178      3.11185588e-03    8.78934736e-01
179      3.13185588e-03    8.81332068e-01
180      3.15185588e-03    8.83681928e-01
181      3.17185588e-03    8.85985256e-01
182      3.19185588e-03    8.88242974e-01
183      3.21185588e-03    8.90455984e-01
184      3.23185588e-03    8.92625173e-01
185      3.25185588e-03    8.94751407e-01
186      3.27185588e-03    8.96835538e-01
187      3.29185588e-03    8.98878398e-01
188      3.31185588e-03    9.00880806e-01
189      3.33185588e-03    9.02843562e-01
190      3.35185588e-03    9.04767452e-01
191      3.37185588e-03    9.06653245e-01
192      3.39185588e-03    9.08501696e-01
193      3.41185588e-03    9.10313544e-01
194      3.43185588e-03    9.12089513e-01
195      3.45185588e-03    9.13830315e-01
196      3.47185588e-03    9.15536645e-01
197      3.49185588e-03    9.17209187e-01
198      3.51185588e-03    9.18848609e-01
199      3.53185588e-03    9.20455567e-01
200      3.55185588e-03    9.22030704e-01
201      3.57185588e-03    9.23574651e-01
202      3.59185588e-03    9.25088024e-01
203      3.61185588e-03    9.26571430e-01
204      3.63185588e-03    9.28025461e-01
205      3.65185588e-03    9.29450699e-01
206      3.67185588e-03    9.30847715e-01
207      3.69185588e-03    9.32217067e-01
208      3.71185588e-03    9.33559303e-01
209      3.73185588e-03    9.34874961e-01
210      3.75185588e-03    9.36164565e-01
211      3.77185588e-03    9.37428633e-01
212      3.79185588e-03    9.38667670e-01
213      3.81185588e-03    9.39882172e-01
214      3.83185588e-03    9.41072624e-01
215      3.85185588e-03    9.42239503e-01
216      3.87185588e-03    9.43383275e-01
217      3.89185588e-03    9.44504398e-01
218      3.91185588e-03    9.45603321e-01
219      3.93185588e-03    9.46680483e-01
220      3.95185588e-03    9.47736315e-01
221      3.97185588e-03    9.48771240e-01
222      3.99185588e-03    9.49785670e-01
223      4.01185588e-03    9.50780014e-01
224      4.03185588e-03    9.51754667e-01
225      4.05185588e-03    9.52710020e-01
226      4.07185588e-03    9.53646455e-01
227      4.09185588e-03    9.54564347e-01
228      4.11185588e-03    9.55464063e-01
229      4.13185588e-03    9.56345963e-01
230      4.15185588e-03    9.57210399e-01
231      4.17185588e-03    9.58057718e-01
232      4.19185588e-03    9.58888258e-01
233      4.21185588e-03    9.59702352e-01
234      4.23185588e-03    9.60500325e-01
235      4.25185588e-03    9.61282497e-01
236      4.27185588e-03    9.62049180e-01
237      4.29185588e-03    9.62800682e-01
238      4.31185588e-03    9.63537302e-01
239      4.33185588e-03    9.64259336e-01
240      4.35185588e-03    9.64967071e-01
241      4.37185588e-03    9.65660793e-01
242      4.39185588e-03    9.66340777e-01
243      4.41185588e-03    9.67007296e-01
244      4.43185588e-03    9.67660617e-01
245      4.45185588e-03    9.68301001e-01
246      4.47185588e-03    9.68928704e-01
247      4.49185588e-03    9.69543977e-01
248      4.51185588e-03    9.70147067e-01
249      4.53185588e-03    9.70738214e-01
250      4.55185588e-03    9.71317655e-01
251      4.57185588e-03    9.71885622e-01
252      4.59185588e-03    9.72442343e-01
253      4.61185588e-03    9.72988039e-01
254      4.63185588e-03    9.73522929e-01
255      4.65185588e-03    9.74047228e-01
256      4.67185588e-03    9.74561144e-01
257      4.69185588e-03    9.75064884e-01
258      4.71185588e-03    9.75558648e-01
259      4.73185588e-03    9.76042636e-01
260      4.75185588e-03    9.76517039e-01
261      4.77185588e-03    9.76982048e-01
262      4.79185588e-03    9.77437849e-01
263      4.81185588e-03    9.77884624e-01
264      4.83185588e-03    9.78322553e-01
265      4.85185588e-03    9.78751809e-01
266      4.87185588e-03    9.79172565e-01
267      4.89185588e-03    9.79584990e-01
268      4.91185588e-03    9.79989247e-01
269      4.93185588e-03    9.80385500e-01
270      4.95185588e-03    9.80773906e-01
271      4.97185588e-03    9.81154620e-01
272      4.99185588e-03    9.81527796e-01
273      5.00000000e-03    9.81677626e-01
End of Xyce(TM) Simulation
